{
 "cells": [
  {
   "cell_type": "code",
   "execution_count": 56,
   "metadata": {},
   "outputs": [
    {
     "name": "stdout",
     "output_type": "stream",
     "text": [
      "-90410.0\n",
      "-49270.0\n",
      "-41140.0\n",
      "0.00300546664952\n",
      "0.000650510159013\n",
      "4.62016865974\n",
      "    fjac: array([[ -9.70445787e-01,  -3.58426591e-13,   2.55451912e-17,\n",
      "         -2.41319240e-01],\n",
      "       [  1.23870627e-02,  -9.98681716e-01,   4.89840315e-17,\n",
      "         -4.98135698e-02],\n",
      "       [  1.10084403e-02,   2.34467758e-03,  -9.98956217e-01,\n",
      "         -4.42695515e-02],\n",
      "       [  2.40749559e-01,   5.12770275e-02,   4.56779647e-02,\n",
      "         -9.68154863e-01]])\n",
      "     fun: array([  0.00000000e+00,   0.00000000e+00,   0.00000000e+00,\n",
      "        -9.07156295e-14])\n",
      " message: 'The solution converged.'\n",
      "    nfev: 17\n",
      "     qtf: array([  7.99910767e-10,   1.65119080e-10,   1.46742095e-10,\n",
      "         3.20918258e-09])\n",
      "       r: array([ 1.03045427,  0.01278115,  0.01138555,  1.03933814,  1.00132002,\n",
      "        0.00235023,  1.99919726,  1.00104487, -1.00201584, -0.02123464])\n",
      "  status: 1\n",
      " success: True\n",
      "       x: array([  1.79111141,   3.58222282,  48.20888859,  48.20888859])\n",
      "    fjac: array([[ -9.99942049e-01,   3.41848380e-15,   7.78845266e-16,\n",
      "         -1.60376222e-20,  -1.45773354e-16,  -1.07656252e-02,\n",
      "          6.65646637e-09,  -3.35900622e-06],\n",
      "       [  2.42397905e-06,  -9.95031998e-02,  -1.12691161e-14,\n",
      "          5.41909712e-20,   2.24481092e-13,  -5.35609296e-04,\n",
      "         -4.63737847e-03,   9.95026292e-01],\n",
      "       [ -1.94716020e-05,   3.34066311e-01,  -9.41922816e-01,\n",
      "         -2.01341377e-19,   4.49567557e-15,   1.79814799e-03,\n",
      "          7.70669683e-03,   3.34437082e-02],\n",
      "       [  3.34757278e-05,  -5.74338494e-01,  -2.05853114e-01,\n",
      "         -7.90106768e-01,  -1.18378618e-14,  -3.09138954e-03,\n",
      "         -1.32496558e-02,  -5.74975937e-02],\n",
      "       [ -4.30594437e-06,  -9.73489680e-07,   4.22331966e-07,\n",
      "         -9.75611614e-07,  -9.99999920e-01,   3.99948386e-04,\n",
      "         -2.29726021e-08,   1.17840971e-07],\n",
      "       [  1.16200401e-04,   7.40677355e-01,   2.65180760e-01,\n",
      "         -6.12598820e-01,  -4.32873020e-06,  -1.08161218e-02,\n",
      "         -1.43733311e-02,   7.39953500e-02],\n",
      "       [  7.83649892e-03,  -4.06479871e-03,  -8.58011823e-03,\n",
      "          1.98210677e-02,  -2.91150171e-04,  -7.27875601e-01,\n",
      "         -6.85300416e-01,  -3.99218980e-03],\n",
      "       [  7.38057964e-03,  -3.82636886e-03,   3.38378775e-03,\n",
      "         -7.81702181e-03,  -2.74211935e-04,  -6.85529711e-01,\n",
      "          7.27942508e-01,   2.64095032e-03]])\n",
      "     fun: array([ -9.09494702e-13,   1.81898940e-12,   9.09494702e-13,\n",
      "         0.00000000e+00,   0.00000000e+00,   2.56739074e-16,\n",
      "        -1.17614252e-14,   8.75743922e-12])\n",
      " message: 'The solution converged.'\n",
      "    nfev: 20\n",
      "     qtf: array([ -9.01571120e-13,  -5.56983376e-09,  -1.86584198e-10,\n",
      "         3.22442130e-10,  -2.57135842e-16,  -4.15261313e-10,\n",
      "         1.54223772e-11,  -8.88195839e-12])\n",
      "       r: array([  1.00005799e+00,   2.43622296e-05,  -1.20329720e-05,\n",
      "         2.77969102e-05,  -4.30625018e-06,   9.99942051e-01,\n",
      "        -5.75561895e-09,   9.99942047e-01,   1.00499284e+01,\n",
      "         3.56434979e+00,  -8.23406825e+00,  -2.44909810e-07,\n",
      "         1.99324380e-01,   2.97883351e-01,  -9.97106671e-02,\n",
      "         1.06165811e+00,  -2.76602654e-01,   7.18228976e-07,\n",
      "        -6.68102371e-01,  -6.02971854e-02,  -6.07843932e-01,\n",
      "         1.26565173e+00,  -1.23478463e-06,   1.14862498e+00,\n",
      "         1.13879805e+00,   9.89354404e-03,   1.00000008e+00,\n",
      "        -9.99993666e-01,  -9.99998397e-01,   4.73068073e-06,\n",
      "        -1.48145143e+00,  -3.09986251e+00,   1.61832550e+00,\n",
      "         4.03082956e-02,  -4.03012041e-02,  -7.49479396e-06])\n",
      "  status: 1\n",
      " success: True\n",
      "       x: array([  3.03155419e+00,   2.11970879e+00,   8.68553347e+00,\n",
      "         1.31446653e+00,   4.82829123e+01,  -4.99272719e+03,\n",
      "         5.04101011e+03,   5.03969564e+03])\n"
     ]
    }
   ],
   "source": [
    "from scipy import optimize\n",
    "import numpy as np\n",
    "\n",
    "p = 50.0 # bar\n",
    "temp = 273.15 + 220. # K\n",
    "r = 8.314 # J/(mol K)\n",
    "\n",
    "n0co = 50.\n",
    "n0h2 = 100.\n",
    "n0co2 = 10.\n",
    "n0h2o = 0.\n",
    "n0ch3oh = 0.\n",
    "\n",
    "delta_h_1_298 = (-(-110.53) -2*0 + -200.94)*1000\n",
    "delta_h_2_298 = (-(-393.50) -3*0 + -200.94 + -241.83)*1000\n",
    "delta_h_3_298 = (-(-110.53) -(-241.83) + -393.50 + 0)*1000\n",
    "\n",
    "delta_g_1_298 = (-(-137.20) -2*0 + -162.32)*1000\n",
    "delta_g_2_298 = (-(-394.36) -3*0 + -162.32 + -228.62)*1000\n",
    "delta_g_3_298 = (-(-137.20) -(-228.62) + -394.36 + 0)*1000\n",
    "\n",
    "print delta_h_1_298\n",
    "print delta_h_2_298\n",
    "print delta_h_3_298\n",
    "\n",
    "k1_298 = np.exp(-delta_g_1_298/(r*temp))\n",
    "k2_298 = np.exp(-delta_g_2_298/(r*temp))\n",
    "k3_298 = np.exp(-delta_g_3_298/(r*temp))\n",
    "\n",
    "# Angenommen, dass Delta_H fast im Interval zwischen 298.15K und 443.15K \n",
    "# unabhängig von der Temperatur sei...\n",
    "k1_443 = k1_298 * np.exp(-delta_h_1_298/8.314*( 1/443.15 - 1/298.15 ))\n",
    "k2_443 = k2_298 * np.exp(-delta_h_2_298/8.314*( 1/443.15 - 1/298.15 ))\n",
    "k3_443 = k3_298 * np.exp(-delta_h_3_298/8.314*( 1/443.15 - 1/298.15 ))\n",
    "\n",
    "for f in [k1_443, k2_443, k3_443]:\n",
    "    print f\n",
    "\n",
    "def fun(x_vec):    \n",
    "    nco = x_vec[0]\n",
    "    nh2 = x_vec[1]\n",
    "    nch3oh = x_vec[2]\n",
    "    xi1 = x_vec[3]\n",
    "    \n",
    "    f1 = -nco + n0co - xi1\n",
    "    f2 = -nh2  + n0h2 -2*xi1\n",
    "    f3 = -nch3oh + n0ch3oh +xi1\n",
    "    f4 = -k1_443 * (nco * nh2) + nch3oh * (p/1.)**-2\n",
    "    \n",
    "    return [f1, f2, f3, f4]\n",
    "\n",
    "n0 = np.array([n0co, n0h2, n0ch3oh])\n",
    "x0 = np.append(n0, [0])\n",
    "sol = optimize.root(fun, x0)\n",
    "print sol\n",
    "\n",
    "# Lösung des einfacheren Falls in schwierigerem Fall einwenden.\n",
    "def fun(x_vec):    \n",
    "    nco = x_vec[0]\n",
    "    nh2 = x_vec[1]\n",
    "    nco2 = x_vec[2]\n",
    "    nh2o = x_vec[3]\n",
    "    nch3oh = x_vec[4]\n",
    "    xi1 = x_vec[5]\n",
    "    xi2 = x_vec[6]\n",
    "    xi3 = x_vec[7]\n",
    "    \n",
    "    f1 = -nco + n0co - xi1 +0 -xi3\n",
    "    f2 = -nh2  + n0h2 -2*xi1 -3*xi2 +xi3\n",
    "    f3 = -nco2 + n0co2 +0 -xi2 +xi3\n",
    "    f4 = -nh2o + n0h2o +0 +xi2 -xi3\n",
    "    f5 = -nch3oh + n0ch3oh +xi1 +xi2 -0\n",
    "    f6 = -k1_443 * (nco * nh2) + nch3oh * (p/1.)**-2\n",
    "    f7 = -k2_443 * (nco2 * nh2**2) + nch3oh * nh2o * (p/1.)**-2\n",
    "    f8 = -k3_443 * (nco * nh2o) + nco2 * nh2 * (p/1.)**0\n",
    "    \n",
    "    return [f1, f2, f3, f4, f5, f6, f7, f8]\n",
    "\n",
    "n0 = np.array([sol.x[0], sol.x[1], n0co2, 0, sol.x[2]])\n",
    "x0 = np.append(n0, [sol.x[3], 0, 0])\n",
    "#n0 = np.array([1.79111141, 3.58222282, 10., 0, 48.20888859])\n",
    "#x0 = np.append(n0, [48.20888859, 0, 0])\n",
    "sol = optimize.root(fun, x0)\n",
    "print sol"
   ]
  }
 ],
 "metadata": {
  "kernelspec": {
   "display_name": "Python 2",
   "language": "python",
   "name": "python2"
  },
  "language_info": {
   "codemirror_mode": {
    "name": "ipython",
    "version": 2
   },
   "file_extension": ".py",
   "mimetype": "text/x-python",
   "name": "python",
   "nbconvert_exporter": "python",
   "pygments_lexer": "ipython2",
   "version": "2.7.11"
  }
 },
 "nbformat": 4,
 "nbformat_minor": 2
}
